{
  "w": 639.0,
  "h": 511.0,
  "intrinsic_mat": [
    [
      1427.3486247176268,
      0.0,
      319.5
    ],
    [
      0.0,
      1427.3486247176268,
      255.5
    ],
    [
      0.0,
      0.0,
      1.0
    ]
  ],
  "pointcloud_path": "3DCV\\Assignment_6_-_COLMAP\\Assignment6\\workspace\\dense/0/fused.ply",
  "frames": [
    {
      "file_path": "rect_001_3_r5000.png",
      "transform_matrix": [
        [
          0.36704739845968265,
          -0.8333012824240075,
          0.4133826072713795,
          -2.1613625321203327
        ],
        [
          0.5643484952760119,
          0.5527578229734065,
          0.6131635711793395,
          -3.4440359285173625
        ],
        [
          -0.7394504602498262,
          0.00823175875525279,
          0.6731606457481863,
          1.0461398255540313
        ],
        [
          0.0,
          0.0,
          0.0,
          1.0
        ]
      ]
    },
    {
      "file_path": "rect_002_3_r5000.png",
      "transform_matrix": [
        [
          0.773778017347017,
          -0.5852958436208677,
          0.24227330705353453,
          -1.087880256634222
        ],
        [
          0.38410100911354217,
          0.7376451690494624,
          0.5552891313324517,
          -3.0738171297473955
        ],
        [
          -0.5037201551144028,
          -0.33661310137623396,
          0.7955863405774354,
          0.2451243954939249
        ],
        [
          0.0,
          0.0,
          0.0,
          1.0
        ]
      ]
    },
    {
      "file_path": "rect_003_3_r5000.png",
      "transform_matrix": [
        [
          0.9834001505908365,
          -0.1793996491014877,
          0.027201281590823825,
          0.28792089167596885
        ],
        [
          0.1344608384646182,
          0.8211585945144035,
          0.554633974414227,
          -3.0306160493828047
        ],
        [
          -0.12183770654978723,
          -0.5417696268317305,
          0.8316497127428684,
          0.04187855661818897
        ],
        [
          0.0,
          0.0,
          0.0,
          1.0
        ]
      ]
    },
    {
      "file_path": "rect_004_3_r5000.png",
      "transform_matrix": [
        [
          0.9448162975657252,
          0.27956008259486786,
          -0.17078736508812867,
          1.5750442103369628
        ],
        [
          -0.12198029795593317,
          0.7840500419989331,
          0.6085937385087469,
          -3.467673250589354
        ],
        [
          0.3040443565744591,
          -0.5541765890589586,
          0.7748840799591906,
          0.2594374961228234
        ],
        [
          0.0,
          0.0,
          0.0,
          1.0
        ]
      ]
    },
    {
      "file_path": "rect_005_3_r5000.png",
      "transform_matrix": [
        [
          0.6600553586372852,
          0.6796526834179565,
          -0.31999867727379144,
          2.5290542607092314
        ],
        [
          -0.31465937340105077,
          0.6369412004153698,
          0.7037722543154749,
          -4.017194120796591
        ],
        [
          0.6821410427947163,
          -0.36383806444103517,
          0.6342755399656669,
          1.2203235705882693
        ],
        [
          0.0,
          0.0,
          0.0,
          1.0
        ]
      ]
    },
    {
      "file_path": "rect_006_3_r5000.png",
      "transform_matrix": [
        [
          0.6170904853768518,
          0.6422698674527482,
          -0.4546303445873255,
          3.3980460672528765
        ],
        [
          -0.34543929067091533,
          0.7402166722939891,
          0.5768457111904255,
          -3.151519599611012
        ],
        [
          0.7070155792612605,
          -0.19891881615433527,
          0.6786459130221163,
          0.9629892867901433
        ],
        [
          0.0,
          0.0,
          0.0,
          1.0
        ]
      ]
    },
    {
      "file_path": "rect_007_3_r5000.png",
      "transform_matrix": [
        [
          0.8496938836843619,
          0.41607104352900204,
          -0.323890708057631,
          2.5448995175534606
        ],
        [
          -0.23014603615970505,
          0.845323893530414,
          0.48214138700857945,
          -2.5480502262572564
        ],
        [
          0.47439762443477934,
          -0.3351304250038607,
          0.8140236434940755,
          0.09071014750733403
        ],
        [
          0.0,
          0.0,
          0.0,
          1.0
        ]
      ]
    },
    {
      "file_path": "rect_008_3_r5000.png",
      "transform_matrix": [
        [
          0.9780084565148914,
          0.1453321676322039,
          -0.14959284754521077,
          1.4120543863542088
        ],
        [
          -0.07119323516900031,
          0.9067938758571804,
          0.4155194218975613,
          -2.1147463425635165
        ],
        [
          0.1960382163036868,
          -0.3957315096871073,
          0.8971987460920973,
          -0.4126681790703518
        ],
        [
          0.0,
          0.0,
          0.0,
          1.0
        ]
      ]
    },
    {
      "file_path": "rect_009_3_r5000.png",
      "transform_matrix": [
        [
          0.9886964908826896,
          -0.13970216117324857,
          0.05442935861995329,
          0.09028071990466756
        ],
        [
          0.10879955024819414,
          0.918297411602692,
          0.38064750322258367,
          -1.9576070881298666
        ],
        [
          -0.1031596179812938,
          -0.37042296096127714,
          0.9231169607425884,
          -0.7101704954525021
        ],
        [
          0.0,
          0.0,
          0.0,
          1.0
        ]
      ]
    },
    {
      "file_path": "rect_010_3_r5000.png",
      "transform_matrix": [
        [
          0.8787750475678667,
          -0.4005216963864851,
          0.25949332649566537,
          -1.2165278332156841
        ],
        [
          0.28659536693680043,
          0.8776770794952625,
          0.38411722140386684,
          -1.94313277480872
        ],
        [
          -0.38159862607516604,
          -0.26318304438614365,
          0.8860683798247101,
          -0.34228133786858234
        ],
        [
          0.0,
          0.0,
          0.0,
          1.0
        ]
      ]
    },
    {
      "file_path": "rect_011_3_r5000.png",
      "transform_matrix": [
        [
          0.6603701115163212,
          -0.6070564944746699,
          0.44203362805565666,
          -2.394538210331192
        ],
        [
          0.44220823969569245,
          0.7901179864094245,
          0.4244589971923712,
          -2.2209847271494243
        ],
        [
          -0.6069293110084225,
          -0.08482912276123954,
          0.7902156866137247,
          0.268880864054449
        ],
        [
          0.0,
          0.0,
          0.0,
          1.0
        ]
      ]
    },
    {
      "file_path": "rect_012_3_r5000.png",
      "transform_matrix": [
        [
          0.40858652887528035,
          -0.5887460157151966,
          0.6974490500395932,
          -4.009125925499259
        ],
        [
          0.5304744813894432,
          0.7750090526847059,
          0.3434498403717146,
          -1.6760930266190082
        ],
        [
          -0.7427340526839004,
          0.2296499449950651,
          0.6289729960399831,
          1.3551730365240826
        ],
        [
          0.0,
          0.0,
          0.0,
          1.0
        ]
      ]
    },
    {
      "file_path": "rect_013_3_r5000.png",
      "transform_matrix": [
        [
          0.6423201722881756,
          -0.5074904627024944,
          0.574350264679748,
          -3.2791683632557733
        ],
        [
          0.4381929513324503,
          0.8579821349085217,
          0.26805520621762274,
          -1.210216675904538
        ],
        [
          -0.6288177269083987,
          0.07949897133814693,
          0.7734779763392952,
          0.34560400247144785
        ],
        [
          0.0,
          0.0,
          0.0,
          1.0
        ]
      ]
    },
    {
      "file_path": "rect_014_3_r5000.png",
      "transform_matrix": [
        [
          0.8277835032282169,
          -0.3830986810666061,
          0.40989007349318346,
          -2.203158471535256
        ],
        [
          0.32002159764451693,
          0.9224831893880563,
          0.21589567466137508,
          -0.8560081137066856
        ],
        [
          -0.4608260505052547,
          -0.047541201725095426,
          0.8862162181512263,
          -0.3675134580413583
        ],
        [
          0.0,
          0.0,
          0.0,
          1.0
        ]
      ]
    },
    {
      "file_path": "rect_015_3_r5000.png",
      "transform_matrix": [
        [
          0.9498633934186472,
          -0.22381200904290732,
          0.218329380641703,
          -0.9465063273350216
        ],
        [
          0.18336948248496807,
          0.9643501010043775,
          0.1907996739673362,
          -0.6672517571175562
        ],
        [
          -0.25324921862941074,
          -0.1411986802382528,
          0.9570411516557522,
          -0.7489533678620548
        ],
        [
          0.0,
          0.0,
          0.0,
          1.0
        ]
      ]
    },
    {
      "file_path": "rect_016_3_r5000.png",
      "transform_matrix": [
        [
          0.9988417280717002,
          -0.04529454584876141,
          0.016235959444834833,
          0.3503638359253723
        ],
        [
          0.0412613606720729,
          0.9798866351896456,
          0.19524262416850402,
          -0.7001787461037645
        ],
        [
          -0.024752825661507546,
          -0.19434656233921158,
          0.9806205745999326,
          -0.9668309827738792
        ],
        [
          0.0,
          0.0,
          0.0,
          1.0
        ]
      ]
    },
    {
      "file_path": "rect_017_3_r5000.png",
      "transform_matrix": [
        [
          0.9719074356903422,
          0.1433269373227135,
          -0.18669045365929735,
          1.6672946205255572
        ],
        [
          -0.09869226838876183,
          0.968273692854679,
          0.22957763803524803,
          -0.9240790131303789
        ],
        [
          0.21367211472277772,
          -0.20470330911652035,
          0.9552176624344016,
          -0.8485339651924209
        ],
        [
          0.0,
          0.0,
          0.0,
          1.0
        ]
      ]
    },
    {
      "file_path": "rect_018_3_r5000.png",
      "transform_matrix": [
        [
          0.8718865314120099,
          0.3252674912221356,
          -0.36608050411950677,
          2.8063819128545906
        ],
        [
          -0.22459380851658314,
          0.9298904527600163,
          0.2913097441586675,
          -1.2980265121515153
        ],
        [
          0.43516835537335513,
          -0.17176962775714985,
          0.8838120260902878,
          -0.31980015461695727
        ],
        [
          0.0,
          0.0,
          0.0,
          1.0
        ]
      ]
    },
    {
      "file_path": "rect_019_3_r5000.png",
      "transform_matrix": [
        [
          0.7053728932804265,
          0.4864508769438197,
          -0.5155721343767415,
          3.79365055350982
        ],
        [
          -0.3262924958453078,
          0.8685362037494093,
          0.3730657715894135,
          -1.8355096791962786
        ],
        [
          0.6292712360979483,
          -0.09492316417583986,
          0.7713671657016563,
          0.356323819714908
        ],
        [
          0.0,
          0.0,
          0.0,
          1.0
        ]
      ]
    },
    {
      "file_path": "rect_020_3_r5000.png",
      "transform_matrix": [
        [
          0.5897196919230715,
          0.44409945441190535,
          -0.6745415921566331,
          4.724354318903874
        ],
        [
          -0.38931902103998006,
          0.8881040048776383,
          0.2443398788097662,
          -0.9532720260333779
        ],
        [
          0.7075742963213327,
          0.11851983425295405,
          0.6966287849881191,
          0.9522492775033258
        ],
        [
          0.0,
          0.0,
          0.0,
          1.0
        ]
      ]
    },
    {
      "file_path": "rect_021_3_r5000.png",
      "transform_matrix": [
        [
          0.7578770635254044,
          0.35279287411053706,
          -0.5487800511670746,
          3.941111896166129
        ],
        [
          -0.31877531391425257,
          0.9341742310648617,
          0.1603147069150046,
          -0.4271526236463865
        ],
        [
          0.5692140685374704,
          0.05343869376398423,
          0.8204508822518379,
          0.1465652118300152
        ],
        [
          0.0,
          0.0,
          0.0,
          1.0
        ]
      ]
    },
    {
      "file_path": "rect_022_3_r5000.png",
      "transform_matrix": [
        [
          0.8891055733413321,
          0.24378783038929666,
          -0.38737420307431497,
          2.918457380107109
        ],
        [
          -0.2271426733463208,
          0.9697879691555125,
          0.08898033954932352,
          0.019496630007786637
        ],
        [
          0.3973631656287076,
          0.008876296260592775,
          0.9176185078594625,
          -0.4774013840119068
        ],
        [
          0.0,
          0.0,
          0.0,
          1.0
        ]
      ]
    },
    {
      "file_path": "rect_023_3_r5000.png",
      "transform_matrix": [
        [
          0.9711365658178275,
          0.12393812724171367,
          -0.2037967397859278,
          1.7412775843768136
        ],
        [
          -0.1189048775279565,
          0.9922231511150906,
          0.03680826661636877,
          0.3486587529063322
        ],
        [
          0.20677379096882187,
          -0.01151342725068479,
          0.9783210313395727,
          -0.8339751736769085
        ],
        [
          0.0,
          0.0,
          0.0,
          1.0
        ]
      ]
    },
    {
      "file_path": "rect_024_3_r5000.png",
      "transform_matrix": [
        [
          0.9999787486082591,
          0.0008789364652350126,
          -0.006459860876988577,
          0.48458652324115864
        ],
        [
          -0.0008580678195889696,
          0.9999944070835164,
          0.003232571933175688,
          0.5568988427357814
        ],
        [
          0.00646266597287476,
          -0.0032269602377856398,
          0.9999739099977292,
          -1.0571176962875544
        ],
        [
          0.0,
          0.0,
          0.0,
          1.0
        ]
      ]
    },
    {
      "file_path": "rect_025_3_r5000.png",
      "transform_matrix": [
        [
          0.9738605108042282,
          -0.11781392971006102,
          0.19420500370073038,
          -0.8022838146809295
        ],
        [
          0.12108595303617149,
          0.992629323102958,
          -0.005021841642804805,
          0.6029129369157825
        ],
        [
          -0.19218193846834297,
          0.028406071224935974,
          0.9809481115961811,
          -0.9102521051253333
        ],
        [
          0.0,
          0.0,
          0.0,
          1.0
        ]
      ]
    },
    {
      "file_path": "rect_026_3_r5000.png",
      "transform_matrix": [
        [
          0.8927419502077695,
          -0.22698964144042635,
          0.38921396816914866,
          -2.076900635755231
        ],
        [
          0.2414281268266092,
          0.9703427743251027,
          0.012139188278346943,
          0.4863640062088021
        ],
        [
          -0.3804264316740138,
          0.08313003665227832,
          0.9210673846630156,
          -0.6058132470278912
        ],
        [
          0.0,
          0.0,
          0.0,
          1.0
        ]
      ]
    },
    {
      "file_path": "rect_027_3_r5000.png",
      "transform_matrix": [
        [
          0.7620423058375092,
          -0.3197957486002607,
          0.5630472478318767,
          -3.1912152182121187
        ],
        [
          0.3526105691419674,
          0.9342455884872141,
          0.05339444654228252,
          0.21139783946484741
        ],
        [
          -0.5430997243998837,
          0.15784758334981783,
          0.824698023392437,
          0.05040717613536551
        ],
        [
          0.0,
          0.0,
          0.0,
          1.0
        ]
      ]
    },
    {
      "file_path": "rect_028_3_r5000.png",
      "transform_matrix": [
        [
          0.5895076408895168,
          -0.3904946545368939,
          0.7071030095473984,
          -4.115104621530117
        ],
        [
          0.4468848562988215,
          0.8868797379490065,
          0.11721030511982819,
          -0.20841212167393824
        ],
        [
          -0.6728853294162819,
          0.24689725635092305,
          0.6973285296492094,
          0.8893906271732401
        ],
        [
          0.0,
          0.0,
          0.0,
          1.0
        ]
      ]
    },
    {
      "file_path": "rect_029_3_r5000.png",
      "transform_matrix": [
        [
          0.43517052992605604,
          -0.25218692868276144,
          0.8643080254662867,
          -5.150585230517397
        ],
        [
          0.48645981288117407,
          0.8736459085933479,
          0.009983829411431232,
          0.48863418275082493
        ],
        [
          -0.757616961488778,
          0.4161064520043631,
          0.5028637591483922,
          2.1453274782336718
        ],
        [
          0.0,
          0.0,
          0.0,
          1.0
        ]
      ]
    },
    {
      "file_path": "rect_030_3_r5000.png",
      "transform_matrix": [
        [
          0.6154294106090811,
          -0.22447186198942812,
          0.7555521317105512,
          -4.459081168858581
        ],
        [
          0.41550141907619775,
          0.9069727729328145,
          -0.06898521511329042,
          1.008346807585857
        ],
        [
          -0.6697799723065962,
          0.35638851318969333,
          0.6514460962838099,
          1.1605199762239338
        ],
        [
          0.0,
          0.0,
          0.0,
          1.0
        ]
      ]
    },
    {
      "file_path": "rect_031_3_r5000.png",
      "transform_matrix": [
        [
          0.7685162639513919,
          -0.18236539730003415,
          0.6132908069666422,
          -3.5290054095289407
        ],
        [
          0.32770107865326126,
          0.9354465745589485,
          -0.13248286378025925,
          1.4253902677616597
        ],
        [
          -0.5495404944967055,
          0.3027912944810837,
          0.7786672440104221,
          0.33356302717068476
        ],
        [
          0.0,
          0.0,
          0.0,
          1.0
        ]
      ]
    },
    {
      "file_path": "rect_032_3_r5000.png",
      "transform_matrix": [
        [
          0.887106283984091,
          -0.12853767112601056,
          0.4433063365410413,
          -2.439180559890028
        ],
        [
          0.22762129291262292,
          0.9573596429045855,
          -0.1779074510817084,
          1.7318662385763437
        ],
        [
          -0.4015357866102638,
          0.25872877930200594,
          0.8785376661431032,
          -0.3463631214655716
        ],
        [
          0.0,
          0.0,
          0.0,
          1.0
        ]
      ]
    },
    {
      "file_path": "rect_033_3_r5000.png",
      "transform_matrix": [
        [
          0.9648177449498881,
          -0.06580949275427701,
          0.2545502498392748,
          -1.202342769191754
        ],
        [
          0.11898266597977948,
          0.9726436237638869,
          -0.19951818550648023,
          1.8717810576929383
        ],
        [
          -0.23445648685023984,
          0.2227857531685516,
          0.9462540166144418,
          -0.7686154242258412
        ],
        [
          0.0,
          0.0,
          0.0,
          1.0
        ]
      ]
    },
    {
      "file_path": "rect_034_3_r5000.png",
      "transform_matrix": [
        [
          0.9983888651570919,
          0.0032883706087637517,
          0.056646805285678975,
          0.0913835345332781
        ],
        [
          0.008028556931363534,
          0.9800889972702056,
          -0.1983963197831116,
          1.84931983117218
        ],
        [
          -0.056171311217863375,
          0.19853146866082022,
          0.978483540866909,
          -0.8929501208715102
        ],
        [
          0.0,
          0.0,
          0.0,
          1.0
        ]
      ]
    },
    {
      "file_path": "rect_035_3_r5000.png",
      "transform_matrix": [
        [
          0.9868458879108224,
          0.07594883766188291,
          -0.14271288509209576,
          1.368629378450329
        ],
        [
          -0.10095755445444542,
          0.9789995619804127,
          -0.17710852560150095,
          1.7172137225746773
        ],
        [
          0.12626466533467892,
          0.18918676407182605,
          0.973789300920868,
          -0.8657883744821161
        ],
        [
          0.0,
          0.0,
          0.0,
          1.0
        ]
      ]
    },
    {
      "file_path": "rect_036_3_r5000.png",
      "transform_matrix": [
        [
          0.9299466178919172,
          0.14850963222234423,
          -0.3363691082851824,
          2.612707983095564
        ],
        [
          -0.203634571640372,
          0.9697166206261939,
          -0.13484300839923682,
          1.4516703614213007
        ],
        [
          0.30615722938422824,
          0.1938931788859487,
          0.9320263870069746,
          -0.6115142083999827
        ],
        [
          0.0,
          0.0,
          0.0,
          1.0
        ]
      ]
    },
    {
      "file_path": "rect_037_3_r5000.png",
      "transform_matrix": [
        [
          0.8318219808974583,
          0.2175447338583846,
          -0.5106334114277223,
          3.7887826541700655
        ],
        [
          -0.29404967848022046,
          0.9529981617073664,
          -0.07300198879523424,
          1.06824925117782
        ],
        [
          0.4707515041733885,
          0.21087624938068564,
          0.8566937777091806,
          -0.230023269269673
        ],
        [
          0.0,
          0.0,
          0.0,
          1.0
        ]
      ]
    },
    {
      "file_path": "rect_038_3_r5000.png",
      "transform_matrix": [
        [
          0.6978527990567505,
          0.2804076474336934,
          -0.6590698158081283,
          4.807329747699563
        ],
        [
          -0.3680530046685298,
          0.9297862466371805,
          0.005875484559714892,
          0.5570373370790688
        ],
        [
          0.61444158111502,
          0.23847240264870445,
          0.752058811910231,
          0.3949477987850398
        ],
        [
          0.0,
          0.0,
          0.0,
          1.0
        ]
      ]
    },
    {
      "file_path": "rect_039_3_r5000.png",
      "transform_matrix": [
        [
          0.5617047536860085,
          0.1806429499838344,
          -0.80737593121648,
          5.946881081238551
        ],
        [
          -0.43619675519314294,
          0.8938825928194712,
          -0.10347125694274999,
          1.2987718346643577
        ],
        [
          0.7030079376831488,
          0.4102950583122798,
          0.5808939702553375,
          1.4069046802668275
        ],
        [
          0.0,
          0.0,
          0.0,
          1.0
        ]
      ]
    },
    {
      "file_path": "rect_040_3_r5000.png",
      "transform_matrix": [
        [
          0.7166438736495323,
          0.1581478861831614,
          -0.6792722609207524,
          5.002634784032136
        ],
        [
          -0.3817833839139151,
          0.9040225835373211,
          -0.19231384823186112,
          1.8824041755809147
        ],
        [
          0.5836634356611978,
          0.39715540352651,
          0.7082404812786836,
          0.6097709060479888
        ],
        [
          0.0,
          0.0,
          0.0,
          1.0
        ]
      ]
    },
    {
      "file_path": "rect_041_3_r5000.png",
      "transform_matrix": [
        [
          0.8407413291530156,
          0.12935902493908977,
          -0.5257568450537081,
          3.750438440724674
        ],
        [
          -0.3089795364850114,
          0.9120294129158003,
          -0.26969240999695976,
          2.286327519247496
        ],
        [
          0.44461855954011686,
          0.3891896615318406,
          0.8067501124073075,
          0.2894991650095285
        ],
        [
          0.0,
          0.0,
          0.0,
          1.0
        ]
      ]
    },
    {
      "file_path": "rect_042_3_r5000.png",
      "transform_matrix": [
        [
          0.9300506818094801,
          0.10120599502604714,
          -0.35321817030910063,
          2.7115073557695295
        ],
        [
          -0.22367210108653546,
          0.918621768167825,
          -0.32573737618479287,
          2.6794193698080386
        ],
        [
          0.2915073248843941,
          0.381957319106476,
          0.8770017593595454,
          -0.2705945131089831
        ],
        [
          0.0,
          0.0,
          0.0,
          1.0
        ]
      ]
    },
    {
      "file_path": "rect_043_3_r5000.png",
      "transform_matrix": [
        [
          0.984987763112619,
          0.07136107942839513,
          -0.15718365965078313,
          1.4639245431192265
        ],
        [
          -0.1253353331758289,
          0.9217661050510456,
          -0.36693092243190484,
          2.946846469333496
        ],
        [
          0.11870198303357411,
          0.3811231348551789,
          0.9168723985932056,
          -0.5467668322855215
        ],
        [
          0.0,
          0.0,
          0.0,
          1.0
        ]
      ]
    },
    {
      "file_path": "rect_044_3_r5000.png",
      "transform_matrix": [
        [
          0.9981615595093227,
          0.04232266726985967,
          0.043385400229585806,
          0.16073545296003264
        ],
        [
          -0.02229204394792962,
          0.9220005860960718,
          -0.3865462249396877,
          3.1172658216439166
        ],
        [
          -0.05636103170223349,
          0.3848684334596237,
          0.9212490016449381,
          -0.6799489589729945
        ],
        [
          0.0,
          0.0,
          0.0,
          1.0
        ]
      ]
    },
    {
      "file_path": "rect_045_3_r5000.png",
      "transform_matrix": [
        [
          0.9709207654037563,
          0.013841173271125561,
          0.2390006050834666,
          -1.0895662656850709
        ],
        [
          0.08270862199929076,
          0.9174623850682175,
          -0.38912987013581524,
          3.0694273486529937
        ],
        [
          -0.2246600791301448,
          0.3975816820571802,
          0.8896384967714812,
          -0.3236500247177238
        ],
        [
          0.0,
          0.0,
          0.0,
          1.0
        ]
      ]
    },
    {
      "file_path": "rect_046_3_r5000.png",
      "transform_matrix": [
        [
          0.9037762651876646,
          -0.010989398574662121,
          0.42786410880372183,
          -2.350132515087265
        ],
        [
          0.18546568024743387,
          0.9109956710228004,
          -0.3683603790149999,
          2.972023315616302
        ],
        [
          -0.38573429188210956,
          0.4122694755820336,
          0.8253744214412768,
          0.0049823490464031735
        ],
        [
          0.0,
          0.0,
          0.0,
          1.0
        ]
      ]
    },
    {
      "file_path": "rect_047_3_r5000.png",
      "transform_matrix": [
        [
          0.7996327255946535,
          -0.03343181577203463,
          0.5995580187540235,
          -3.453422268979164
        ],
        [
          0.2832964078988149,
          0.9013539251670304,
          -0.3275732694491654,
          2.699148079129051
        ],
        [
          -0.5294626043732397,
          0.4317909393215332,
          0.7302232092245041,
          0.641068107581502
        ],
        [
          0.0,
          0.0,
          0.0,
          1.0
        ]
      ]
    },
    {
      "file_path": "rect_048_3_r5000.png",
      "transform_matrix": [
        [
          0.6630967681932053,
          -0.05108531455959475,
          0.746788434998878,
          -4.388200014519595
        ],
        [
          0.37046147623868386,
          0.8893118810873156,
          -0.2681094417956878,
          2.2983260243677055
        ],
        [
          -0.6504313727325749,
          0.4544388504444657,
          0.608624975310684,
          1.4628266119588056
        ],
        [
          0.0,
          0.0,
          0.0,
          1.0
        ]
      ]
    },
    {
      "file_path": "rect_049_3_r5000.png",
      "transform_matrix": [
        [
          0.49975360151078785,
          -0.06306373142542163,
          0.8638687999665797,
          -5.153537517896918
        ],
        [
          0.442776631280214,
          0.875786567867165,
          -0.1922153540578826,
          1.8046675653304343
        ],
        [
          -0.7444428739461088,
          0.47856123257338135,
          0.46560063800289614,
          2.395293688323974
        ],
        [
          0.0,
          0.0,
          0.0,
          1.0
        ]
      ]
    }
  ]
}